   2.0000000e+00   8.0320681e-01  -3.8784375e-01   5.9679476e-01   3.1397204e-01   1.0564727e-01   4.3123084e-01
   2.0000000e+00  -8.5739793e-01  -2.6868339e+00  -6.9289572e-01   8.1028518e-01   1.2767384e+00   9.1981598e-01
   2.0000000e+00  -1.2538862e+00  -2.6488760e+00   2.5902938e-01  -1.2811476e+00   1.0949482e-01   2.1424029e+00
   2.0000000e+00   4.4348497e-01   1.9720705e+00  -1.4495476e-01   1.9827847e+00  -1.3673987e+00   9.5950335e-03
   2.0000000e+00   2.3753307e-01  -1.3218903e+00   3.0058086e-01  -1.3357146e+00   4.4910614e-01  -5.6446401e-01
   1.0000000e+00  -8.7990418e-01   1.8067317e-01  -8.9284622e-01   3.9736950e-02   3.4020616e-01  -1.3208818e+00
   2.0000000e+00  -2.7582269e-01  -1.7663668e-01  -2.8892937e+00  -1.1638755e+00  -1.8648115e+00  -4.6821377e-01
   2.0000000e+00   1.0144449e+00  -6.6584176e-01  -3.9989075e-01  -2.3028438e-01   2.4702876e-01  -1.6525770e+00
   2.0000000e+00   2.2923570e-01  -3.3501888e-01   6.5574831e-01  -3.3766505e-01  -4.5983704e-01  -8.2499235e-01
   2.0000000e+00  -2.9024137e-01  -3.5335032e-01  -2.5255917e-01   5.9106093e-01   2.8062827e-02  -3.7192723e-01
   2.0000000e+00  -1.3431105e-01  -3.2425974e-01  -9.4168721e-01   1.7609317e+00  -8.1173186e-01  -2.1246372e+00
   1.0000000e+00  -7.9712468e-01   6.1400665e-01  -2.2876876e-01   6.1785694e-01   1.3792524e+00   8.9263966e-01
   2.0000000e+00  -1.0942138e+00  -1.0317013e+00   1.2406225e+00   1.2124342e+00   4.0272755e-01  -2.9400147e-01
   1.0000000e+00   6.2554897e-01   4.5505458e-01  -1.9324068e+00   3.0021522e-01  -2.0570658e-01  -7.7487487e-01
   2.0000000e+00   2.4869504e-01   1.2873622e+00  -1.9873238e+00   2.0712337e-02  -7.2466718e-01  -1.6024428e+00
   2.0000000e+00   9.8563480e-01  -1.5614107e+00  -1.4398046e+00  -8.9357540e-01   4.8036017e-01  -8.4306644e-01
   2.0000000e+00  -5.4111130e-01   3.5884815e-02  -2.3682714e+00  -1.0915186e+00   3.4191394e-01   6.6866569e-01
   1.0000000e+00   7.2493729e-01   1.9533022e-01   3.1633447e-01   6.8074976e-01   1.6106227e+00   2.5970458e-01
   2.0000000e+00   2.9102197e-01  -3.8979166e-01  -5.4432391e-01  -6.6522347e-01  -1.3159171e+00  -1.1708932e+00
   2.0000000e+00  -5.2830543e-01  -7.4085301e-01  -3.4127782e-01  -4.2749077e-01  -1.9742806e+00  -1.9058359e+00
   2.0000000e+00  -1.1362201e+00  -7.0212555e-01   6.6415419e-01  -3.4652059e-01   8.9856830e-01  -3.1466292e-01
   2.0000000e+00   8.3246292e-01   1.0847017e+00  -6.0787268e-01  -6.5087333e-01   2.6120952e-01  -9.9727537e-03
   2.0000000e+00   2.6838374e-01  -3.8847756e-01   3.6541532e-01  -1.6765080e-01  -1.6656838e+00  -6.1370150e-01
   1.0000000e+00  -6.1299974e-01   8.5584598e-01   4.1314282e-01  -1.4210155e-01   7.2658143e-01   2.0870001e-01
   2.0000000e+00  -6.1171935e-01  -9.9980148e-01  -2.0395265e-01  -5.0166837e-01   4.7343445e-01  -2.8244275e-01
   2.0000000e+00  -1.1595486e+00   1.2365062e+00  -8.0029432e-01  -6.7970002e-01   6.4401075e-01   3.5630435e-01
   2.0000000e+00  -4.4263872e-01  -5.1556265e-03   2.6084820e-02   5.9566072e-02  -1.4763419e+00   6.8118044e-01
   2.0000000e+00  -1.0525701e+00   6.6593742e-01  -3.3692260e-02   8.7644458e-01  -1.1804530e+00   6.0504192e-01
   2.0000000e+00   5.1519734e-01   4.9106942e-02   5.9271693e-02   1.9174449e+00   1.8106110e-01   1.0758271e+00
   2.0000000e+00  -8.5805683e-02   6.0611101e-01  -1.1497003e+00   1.0376243e+00   4.2266688e-01   6.9251717e-02
   2.0000000e+00   6.7083472e-01   2.5169107e-01   1.1051102e+00  -2.3756769e+00  -6.4813031e-01   8.9742606e-01
   2.0000000e+00  -1.3365918e+00   7.9945114e-02  -9.5520495e-01  -1.8060496e+00   2.2941378e-01   2.0337545e+00
   2.0000000e+00   1.1789170e+00  -1.5673171e-01  -4.2317957e-01   1.1883491e-01  -8.8098454e-01   1.5946895e+00
   2.0000000e+00  -2.1179129e+00   1.9565606e+00  -1.0555620e+00   6.2512844e-01   4.9339949e-01  -2.5369215e-01
   2.0000000e+00  -8.2541793e-01   1.6157387e+00   1.5584242e+00  -1.7990911e+00  -1.9223141e-01   1.0348258e+00
   2.0000000e+00   1.1612200e+00   2.0076786e+00   4.1881892e-01   2.1819296e+00  -6.0970662e-01   6.8539831e-01
   2.0000000e+00  -3.4760762e-01  -1.6042700e+00   6.5365822e-01   2.2672390e-01   1.4266546e+00   2.0377455e-02
   2.0000000e+00  -1.4588642e+00  -9.0188635e-01  -2.7946257e-01   1.3439551e+00  -9.2573503e-01   1.0102857e+00
   2.0000000e+00   3.7600142e-01  -3.1784754e-01   1.9843075e-01  -2.1783533e+00  -3.1300064e-02  -1.1114645e+00
   2.0000000e+00  -2.6606237e-01   1.8845570e+00  -1.4835854e-01  -3.9499529e-01   1.6492449e+00  -7.0295661e-01
   1.0000000e+00  -3.7782539e-01   8.1184803e-02   5.5464170e-01   6.2189729e-01   5.1922377e-01   7.6037818e-01
   1.0000000e+00  -4.6321665e-01   4.6215171e-01   1.4290207e+00   7.4520903e-01   2.1336670e-01   2.2746780e-01
   2.0000000e+00  -1.3915116e+00  -2.1734515e-01  -1.2694265e+00   8.1851441e-02  -1.2914686e-01   9.8716647e-01
   2.0000000e+00   3.1417710e-01   5.0749958e-01  -1.6835232e+00  -1.3363507e+00  -5.9066960e-01  -2.2177384e-02
   2.0000000e+00   1.0434712e+00  -3.0732926e-02   1.5821626e-01  -8.1333100e-02   7.2565871e-01  -2.1473718e+00
   2.0000000e+00  -3.9821944e-01   1.9519359e+00   1.4674557e+00  -1.0602206e+00   1.4314439e-01  -3.2114150e-01
   1.0000000e+00  -6.9764777e-01   7.5453019e-01  -5.4910820e-03   6.4383442e-01   2.5946297e-01   1.4560323e-01
   1.0000000e+00  -9.7704102e-01   8.7181689e-01  -1.6800170e+00   3.1804269e-01   4.9357320e-01  -1.2010712e-01
   2.0000000e+00   1.5101901e-01   3.4990489e+00  -5.0339569e-01   7.3474177e-01   1.7767074e+00  -3.8557996e-01
   1.0000000e+00   7.9208880e-01   1.0717822e-01  -1.1805603e+00   1.1514674e-02  -3.8470805e-01   2.6087277e-01
   2.0000000e+00  -7.9561897e-01  -4.9563863e-01  -2.0538347e+00   7.0066658e-01   6.1286201e-01  -5.8647922e-02
   2.0000000e+00   1.4708187e+00  -1.1151144e+00   1.8670397e+00  -6.2208281e-01  -8.2342822e-01  -4.1428572e-01
   2.0000000e+00  -1.5023989e+00  -4.5720003e-01  -3.1068699e-01  -7.1539288e-02   8.2771930e-01  -2.3965190e-01
   1.0000000e+00  -3.7759579e-01   5.6631607e-01  -3.6819843e-01  -5.5134767e-01   3.3308155e-01  -1.5547900e-01
   2.0000000e+00  -1.0247178e+00   1.4292690e+00  -7.1314565e-01  -8.5914684e-01   1.9750523e+00   3.0210063e-01
   2.0000000e+00  -1.0265381e+00  -3.2204040e-01   7.5254427e-01   7.6175663e-01  -1.1055621e+00   8.1360849e-01
   2.0000000e+00   9.8489614e-01   1.1557016e+00   2.2225017e+00  -9.5275786e-01   5.6758995e-01   2.2081052e+00
   2.0000000e+00   5.7698665e-01   6.4507394e-01   8.7652081e-01   2.2344794e+00   1.4695504e-01   1.5206691e-01
   1.0000000e+00  -4.2294987e-01   1.9837436e-01   1.0630994e+00  -8.1872841e-01   1.3457265e+00   2.0835539e-01
   2.0000000e+00  -3.7670220e-01  -1.1492118e+00   2.2925586e+00   6.4200153e-01   1.2945028e+00   5.6342223e-02
   2.0000000e+00  -1.0425637e+00  -1.9338584e+00  -1.0062100e+00   3.5764489e-01  -8.2082129e-01  -2.8717202e-01
   2.0000000e+00  -1.0657348e+00   8.4071951e-01  -1.0106379e+00   2.0661833e+00   1.0534464e-01   2.2844520e-01
   2.0000000e+00   1.4675188e+00  -6.6805989e-01  -1.7476836e+00  -1.2612119e-01   3.8871553e-01   2.3435538e+00
   2.0000000e+00  -1.3076971e+00   1.5468333e+00   1.3853624e+00   3.1598879e-01   1.2045320e-01  -6.2010787e-01
   2.0000000e+00  -8.8374242e-01  -1.5093866e-01  -4.9328541e-01   1.0470691e+00   2.7794334e-01  -5.8030231e-01
   2.0000000e+00  -4.9652523e-01   8.0233345e-01  -2.5746875e-01   1.0801091e+00  -7.2353202e-01   5.1877624e-01
   2.0000000e+00   1.1876176e-01  -4.9556183e-01   3.0630035e-01   1.5044959e-01  -1.5507896e+00  -3.0164186e-01
   2.0000000e+00   1.2782245e+00  -4.9167008e-01   6.2441995e-01   5.3792166e-01   1.9778333e-01  -1.1343279e+00
   2.0000000e+00   1.9445902e+00   1.1383602e+00  -9.7116740e-01  -4.6900073e-01   1.4775719e+00   2.0868284e-01
   1.0000000e+00   3.9983555e-01   5.8233225e-01   6.0698970e-01  -6.7617508e-01  -2.9829908e-01  -3.0433987e-01
   1.0000000e+00  -2.0042645e+00   1.1438908e-01   1.8150286e+00   9.4904511e-01   3.0943474e-01  -1.1790226e+00
   2.0000000e+00  -7.4809195e-01  -2.3781205e+00  -1.7610496e-01  -6.5707108e-01   7.1692814e-01   1.0154699e-01
   2.0000000e+00  -2.4774609e-01   1.3810027e+00  -9.0931731e-01  -3.2796318e-01  -2.1529906e-02  -4.7801709e-01
   2.0000000e+00   1.6200019e-01  -1.0816498e+00  -1.8803285e+00   1.5339795e-02   1.2958605e+00   1.1537050e+00
   2.0000000e+00   5.4371968e-01  -4.7658834e-01   8.0100818e-01  -1.0035712e-01  -3.1164961e-01   1.3723250e+00
   2.0000000e+00   1.9586323e+00   7.6239762e-01   1.9104257e+00  -2.9774510e+00   5.3589702e-01   7.9910716e-01
   2.0000000e+00   5.2176803e-01  -7.1237059e-01  -1.2776172e+00  -7.9399012e-02  -4.2048765e-01   3.1316223e-01
   2.0000000e+00   1.6481034e-01  -4.7151736e-01  -3.2801864e-02  -1.3790138e+00  -5.4513969e-02   7.6345085e-01
   2.0000000e+00   1.0288760e+00  -2.6380388e+00  -2.1083292e+00   5.2122571e-01   4.7763709e-03   1.2206626e-01
   2.0000000e+00   3.4505831e-01  -5.3115008e-01   1.0140431e+00  -1.1573704e+00   6.1609035e-01  -1.1035346e+00
   2.0000000e+00  -3.1245616e-01  -5.0801225e-01   3.0769290e-01   1.4315521e+00  -9.5702185e-01   7.4613165e-01
   2.0000000e+00   5.6795294e-01   1.1382577e+00   1.2444242e+00  -9.5510856e-01   1.4953004e+00  -1.0957734e+00
   1.0000000e+00  -6.5236467e-01   3.0173032e-02   6.4788529e-01   4.3259734e-01   1.0300046e+00   7.3198463e-01
   2.0000000e+00  -2.0218363e-01   7.2611808e-02  -6.3228873e-01  -1.2157866e+00  -4.2428562e-01  -5.4985895e-01
   2.0000000e+00  -6.7996518e-01   1.3877640e+00  -1.1318417e+00   1.6071725e-01  -2.3636980e+00   1.0877753e+00
   2.0000000e+00  -7.9437661e-01   1.0054613e+00   1.1138758e-01   3.4034703e-01   1.5540877e-01   6.0712702e-02
   2.0000000e+00   5.3074300e-02   2.7008701e-01  -7.3419799e-01  -1.4867791e+00  -1.2885446e-01   5.5193521e-01
   2.0000000e+00   7.5628534e-01   2.7982929e-01   2.0429368e+00  -6.0218876e-01  -1.1120350e+00  -2.2354074e+00
   2.0000000e+00   6.6724094e-01  -1.1014418e+00   6.3597895e-01  -2.9810024e-01  -1.5817243e+00  -2.1792426e+00
   1.0000000e+00  -2.4694966e-03   4.4808481e-01  -3.5013280e-01  -1.0124577e-01  -1.3275600e-01  -1.0336951e+00
   2.0000000e+00   1.2682310e-01  -1.0281149e+00   7.5316673e-01  -9.7455876e-01   1.1538832e+00   1.0170972e+00
   1.0000000e+00  -7.1235527e-01   4.7203237e-01  -9.8817786e-01  -1.4304638e-01   1.1840349e+00   2.1996013e-01
   1.0000000e+00  -1.1770329e+00   4.5318572e-01   1.8877020e+00  -6.6302704e-01  -1.3648998e-01   4.7637763e-01
   2.0000000e+00  -6.6938539e-01  -5.5446267e-01  -1.0133933e+00   5.1552802e-01  -5.3745745e-01   6.3139477e-01
   2.0000000e+00   1.2090564e+00  -7.2199791e-01  -1.1707777e+00   1.6756029e+00   2.8029377e-01  -7.8740957e-01
   1.0000000e+00  -2.0695032e+00   4.1484935e-01   1.1798269e+00   1.4383928e-01   2.6548440e-01  -1.9894316e-01
   2.0000000e+00   5.4431616e-02  -3.8481422e-01  -3.8099525e-02  -1.2238519e+00   3.0084999e-01   9.7797608e-02
   1.0000000e+00   1.3654943e+00   1.2560191e-01   9.4400912e-01  -7.2810338e-01  -2.1769212e+00  -2.4526204e+00
   2.0000000e+00  -2.6705311e-01   2.1695822e-01   1.9884691e+00   9.7262458e-01  -9.2723318e-02   4.5976439e-01
   2.0000000e+00  -7.4723689e-01   3.0646505e-01  -1.6452030e+00  -1.3759350e+00   1.6204845e+00   1.6453269e+00
   2.0000000e+00  -1.5233504e+00  -3.3568312e-01   2.1886150e-01  -7.4611530e-01   1.0239395e+00  -1.4747763e+00
   1.0000000e+00   9.4169670e-01   4.3838503e-01  -4.3182564e-01   8.4992188e-01  -1.1672828e+00   1.0537676e+00
   1.0000000e+00  -1.1230492e+00   7.2573777e-01  -1.1501362e+00  -1.4854370e-01   8.4609471e-01  -3.2507319e-02
   1.0000000e+00  -1.3705444e+00   1.9882631e-01  -6.7657296e-01  -8.2102577e-01  -2.6070281e-01  -3.9495720e-01
   1.0000000e+00  -5.3519449e-01   4.6848585e-01  -1.5171271e+00  -7.8724369e-02  -1.9307040e-01  -7.2265949e-01
   2.0000000e+00   5.5334183e-01  -3.6796246e-01  -7.6344941e-01   1.0044752e+00  -1.5362346e-01  -1.3607829e+00
   2.0000000e+00   1.4746775e+00   8.6870763e-01   2.0592499e+00  -1.8020476e-01   7.6330267e-02  -2.0130180e-01
   1.0000000e+00  -2.9946914e-01   8.4498945e-02   5.0177446e-02  -7.4950020e-01   2.0519587e-01  -2.2893122e+00
   1.0000000e+00  -1.8636998e-01   7.5195224e-01   2.7122823e-01  -3.5814314e-01  -2.1420744e+00   8.0567397e-01
   2.0000000e+00   2.5443078e-01  -1.7695394e-01  -1.9089846e+00  -3.4930724e-01   4.3979723e-01  -8.4846967e-01
   2.0000000e+00   2.4189619e-01  -1.6051245e-01  -1.2172695e+00  -4.2022208e-01   2.2924854e-01  -3.5530155e-01
   2.0000000e+00  -3.9076887e-02  -1.3120594e+00   1.4174990e+00  -9.3202325e-01   8.5846753e-02  -1.0154394e+00
   1.0000000e+00   1.3093348e-01   4.8021343e-01   4.2299874e-01   7.1305168e-01   1.8566229e+00  -6.5323393e-02
   2.0000000e+00   8.4305731e-01  -1.6136610e+00  -5.3714786e-02  -6.6028679e-01  -9.3670960e-01   2.2570815e-01
   2.0000000e+00   5.5846465e-01  -2.1154800e+00   1.1383831e+00   1.7125970e-01   9.6941539e-01  -1.8878132e+00
   2.0000000e+00   2.0436059e+00  -1.2165619e+00  -1.5771404e+00   2.5619274e-01   2.2961904e+00  -8.6865406e-01
   1.0000000e+00  -1.6278351e+00   5.0368723e-01   1.2882260e+00  -2.8922258e-01   1.3049546e+00   5.1714036e-01
   2.0000000e+00  -6.0430120e-01  -6.9321052e-01   1.1024551e+00   1.0969719e-01   6.9270541e-01  -1.0645340e+00
   2.0000000e+00  -8.6808698e-01  -9.8429960e-01  -4.9331140e-01  -2.5764671e-01  -1.4123984e+00   4.8698916e-01
   2.0000000e+00   1.1264859e+00  -6.1915198e-01   4.4316285e-02  -8.6716362e-01  -3.4217334e-02  -1.2906114e+00
   2.0000000e+00   9.5441724e-01   5.7472738e-01  -7.6398318e-02  -9.4571832e-01  -1.9618300e+00  -1.7320276e+00
   2.0000000e+00  -7.9512959e-01  -1.8993226e-01  -4.3751436e-01  -4.2601650e-01  -5.4808505e-02  -9.1775722e-01
   2.0000000e+00  -2.7952113e-01   1.2289250e+00  -1.0358345e+00  -3.0861987e-01   7.0812700e-02  -1.1768766e-01
   1.0000000e+00  -4.8743573e-01   3.9550986e-01  -2.9368078e-01   7.5886360e-01   9.9502279e-02   1.7807181e+00
   2.0000000e+00   2.1087196e-01   5.8782855e-01  -2.1910679e+00  -1.2274694e+00  -1.1496501e+00  -1.1234327e+00
   2.0000000e+00   1.1263216e+00  -9.4637877e-01  -9.0079199e-01  -3.5730935e-01   1.4464732e+00  -3.8858056e-01
   2.0000000e+00   2.6415338e+00   2.1462261e-03   2.0017433e+00   6.2999304e-01   4.3185265e-01  -5.3244492e-01
   2.0000000e+00  -2.1338258e+00   1.0938415e+00   4.4404925e-02  -9.6532674e-01  -4.1683737e-01   6.0286720e-01
   1.0000000e+00   6.4635888e-01   5.2782989e-02  -2.9027937e-01  -1.0127789e-01  -4.1434750e-01   2.5013315e-01
   2.0000000e+00   9.6011114e-01  -1.8921892e-01   1.9119698e-02   4.2872012e-01   4.7889407e-01   5.4295765e-01
   2.0000000e+00  -2.3196169e-01   2.9216499e-02  -1.7274085e+00   1.4224952e+00   3.0513510e-01  -1.0110643e-01
   2.0000000e+00  -4.1820525e-01   1.0653207e+00   1.3644712e+00   8.6060580e-01  -1.3033370e+00  -1.3783276e-01
   2.0000000e+00  -5.4127525e-01  -2.7607110e-01   4.7738251e-01   1.1132126e+00   2.3598940e-01   6.2898775e-02
   1.0000000e+00  -1.4846277e+00   6.1010292e-01  -8.4997111e-01  -3.6947980e-01   1.1723217e+00  -7.4464903e-01
   2.0000000e+00  -8.6128570e-02   1.7877253e+00   2.1663141e-01  -6.5980188e-01   5.8114604e-01   7.4055837e-01
   1.0000000e+00   8.3000280e-01   2.4321417e-01  -1.1659179e+00  -8.6326816e-01  -4.4229397e-01   4.8249404e-01
   1.0000000e+00   9.8689274e-01   2.1824760e-01   2.9154243e-01  -4.1261539e-01  -1.0917800e+00   1.0252122e+00
   2.0000000e+00   5.2777629e-02   1.4760190e+00   7.7105713e-02  -2.8212675e-01   9.7550097e-02  -2.8683057e-01
   2.0000000e+00  -4.0856852e-01   1.6017284e+00   4.8060528e-02   4.4417864e-01  -3.5228792e-01   8.9782487e-01
   2.0000000e+00  -7.6404659e-01  -1.3918200e+00   1.0966384e+00   2.4462825e-01   1.1464811e+00   1.0446893e+00
   2.0000000e+00  -4.2888907e-01  -2.1486236e+00  -2.0759241e+00  -3.6806088e-01  -2.3111494e-01   1.3874860e-01
   1.0000000e+00  -1.0352794e-01   1.4352110e-03  -5.0795826e-02  -1.8551551e-01  -2.3528893e-01   5.4397452e-01
   2.0000000e+00  -1.6200269e+00   9.9581436e-02  -4.7538382e-01   1.5664319e+00   6.3449613e-01  -5.2558036e-01
   2.0000000e+00  -1.7163005e+00  -1.6410973e+00  -9.8212378e-01  -8.4853016e-01   1.5899908e-01   1.4614048e+00
   2.0000000e+00  -1.0465406e+00  -7.7656583e-01  -8.9828223e-01   4.3552823e-01  -3.6912409e-01  -3.7663036e-01
   2.0000000e+00   7.2843131e-01  -6.1399495e-01  -9.8120592e-02  -9.4671426e-01   2.2614582e-01  -6.6670377e-01
   2.0000000e+00  -9.4575746e-01  -1.1829861e+00   1.4458082e-01   1.0457261e+00  -4.0843223e-01  -4.9132331e-01
   1.0000000e+00  -3.3660909e-01   3.8143642e-01   7.3264133e-02  -6.7275206e-01  -1.1082125e-01   1.0542567e+00
   2.0000000e+00  -7.5042504e-01   7.0317405e-01  -7.6172700e-02   1.1529886e+00   5.1992473e-01  -7.2380299e-01
   2.0000000e+00   1.9704358e+00   5.9678079e-01   1.8682904e+00   9.9166380e-01   9.6278037e-02  -4.9293106e-01
   2.0000000e+00  -8.8300466e-01  -1.7311942e+00   7.6904887e-01   1.2331345e+00  -7.6985492e-01   3.5315343e-01
   2.0000000e+00  -3.2097323e-01  -1.1375405e+00  -1.6742829e+00  -5.1352176e-01  -1.1393515e+00   6.0679918e-01
   1.0000000e+00   1.8246588e+00   3.7855573e-01   1.4014183e+00  -7.2620766e-01   1.4242544e+00  -6.5194246e-01
   2.0000000e+00   3.3872343e-01  -3.7114482e-02  -1.8237554e+00   1.1583267e+00  -3.5141772e-01  -7.2788858e-01
   2.0000000e+00   1.4152368e+00   2.1339385e+00  -2.0101282e+00   3.0979729e-01  -7.0231606e-01  -8.0571317e-04
   2.0000000e+00  -4.1019183e-01   1.3442020e+00   8.4222674e-01  -1.0079429e+00   1.1136891e+00   3.8759682e-01
   2.0000000e+00  -1.6016632e+00  -5.0324217e-01   4.1352877e-01   1.5312744e+00  -1.6148903e+00   2.2309417e+00
   2.0000000e+00  -1.1260680e-01   8.2342299e-01   9.2956641e-01  -6.1997029e-01  -1.2187207e+00   2.3584931e-01
   2.0000000e+00   1.5927728e-01  -6.5801360e-01  -8.8135232e-01  -1.3864735e+00  -7.9964015e-01  -1.1076444e+00
   2.0000000e+00   4.2621356e-01  -4.0978597e-01  -7.0054658e-01   5.9887751e-01  -1.2208506e+00   6.9270933e-01
   1.0000000e+00  -1.0442723e+00   2.1168501e-01   1.9168163e+00  -7.1573346e-01  -2.2311479e-01  -1.1652601e+00
   2.0000000e+00  -1.5483252e+00  -5.8605536e-01   3.9051317e-01  -3.3052942e-01   1.1124491e+00   2.9164267e-01
   2.0000000e+00  -8.1417510e-01  -1.1517726e+00   1.2089228e+00  -3.4316618e-01   7.8154079e-01   3.7595667e-01
   1.0000000e+00  -3.7710766e-01   5.8352067e-01   4.0631043e-01  -6.3250395e-01  -1.7631770e-01  -1.9360910e+00
   2.0000000e+00   2.1158962e-01   1.8496516e+00   1.2559240e+00  -1.1704225e-01   3.6996401e-01   8.5041910e-02
   2.0000000e+00  -1.9516932e-01  -2.3999560e-01  -1.5847495e-02  -1.3078010e+00  -7.6440762e-01   7.3825586e-01
   1.0000000e+00  -7.4102870e-01   6.0050349e-01   1.7608586e+00   4.5221715e-01   6.6918804e-01  -1.3535423e+00
   2.0000000e+00   8.3508045e-01  -1.5389140e+00  -1.1535665e-01   1.0900421e+00   1.6435913e+00   9.6645615e-01
   2.0000000e+00  -7.4244898e-01  -3.6544894e-01  -7.4756472e-01   1.3789880e+00  -1.5956275e-01  -1.2240067e-01
   2.0000000e+00  -1.7396034e+00  -8.1049394e-01  -3.9708742e-02  -1.9661545e+00   8.0569042e-01  -4.2113525e-01
   2.0000000e+00   4.8985721e-01  -1.2389639e+00   2.0819214e+00   1.2060780e+00   1.1718946e+00   2.2269528e+00
   1.0000000e+00   1.0613785e+00   2.0954727e-01   7.5662502e-01   3.7328380e-01  -7.2199123e-01  -1.0575886e-01
   2.0000000e+00  -4.3206251e-01  -1.2464275e+00  -1.6135261e+00   4.1613751e-01   7.8570043e-01  -1.4365143e-01
   2.0000000e+00   8.8055121e-01   7.8269425e-01  -1.2492899e-01  -1.1306500e+00   9.5615132e-03   5.2462637e-01
   2.0000000e+00   4.2118119e-01  -1.4659076e-01   4.2114533e-01   4.5483327e-02  -2.1682401e+00  -1.6790288e+00
   2.0000000e+00   5.2243225e-01  -6.7348175e-01   1.0112367e-01   2.9842093e-01  -2.1643441e+00  -7.5253456e-01
   2.0000000e+00  -1.5647715e+00  -7.3077665e-01  -9.5824239e-01   2.5572488e+00  -2.0136448e-01  -3.2663003e-01
   2.0000000e+00  -5.0537343e-01  -6.4470802e-01   7.9873871e-01   8.7458927e-01   2.1101704e-01   5.9229094e-01
   2.0000000e+00  -9.5284603e-01   4.8567898e-02  -1.9938135e-01   1.1035944e+00  -3.1888088e-01  -1.4856988e+00
   2.0000000e+00  -8.8302675e-01  -8.4915592e-01   1.9689323e+00  -4.1510039e-01  -1.4844572e+00  -7.0064210e-01
   2.0000000e+00   1.6575022e+00  -5.0092085e-01  -1.5311733e+00  -2.3301470e-01  -6.9679499e-02  -2.8532677e-01
   1.0000000e+00  -1.5764108e+00   2.1557836e-01  -3.6252703e-01   5.9686558e-02   1.0367060e+00  -8.1506497e-01
   1.0000000e+00   3.3747956e-02   6.8821307e-01  -1.5015639e+00  -2.0858347e-01   5.4797210e-01  -3.4121656e-01
   2.0000000e+00  -1.7617248e+00  -3.1274792e-01   2.5517041e-01   8.7378544e-02   1.3409633e+00   3.5376523e-02
   1.0000000e+00  -9.7254026e-01   5.1512347e-01  -1.0428273e+00   2.0556444e-01   8.2104153e-01   1.6638347e+00
   1.0000000e+00  -7.0362630e-01   9.3477969e-01  -5.1693622e-01   1.9342335e-01   1.1242169e+00  -8.3504175e-01
   2.0000000e+00   2.1024542e+00   9.7899702e-01  -1.7564973e+00   1.3816495e-01   4.7799688e-01   1.2582840e-01
   2.0000000e+00   6.8531300e-01  -2.9120184e-01   1.2396596e+00  -2.9163087e-02  -1.8521852e+00   5.5761844e-01
   2.0000000e+00  -1.0851340e+00  -3.5782135e-01   5.7409489e-01  -6.4558823e-01  -3.5096508e-01  -2.1049850e-01
   2.0000000e+00  -4.8014540e-01  -5.3984363e-01   2.4813801e+00  -2.1538913e+00  -1.4934723e+00  -4.6112936e-01
   2.0000000e+00  -2.3960280e-01   4.9600954e-02  -1.4396216e+00  -1.3854551e+00  -2.0209690e+00   9.7333363e-01
   2.0000000e+00  -1.0034942e+00   1.0041676e+00  -5.1966847e-01  -1.2909141e+00  -1.6968031e+00  -1.8038919e+00
   1.0000000e+00  -3.5646998e-01   1.6583495e-02   1.2430638e+00   4.6954118e-01  -8.5430404e-01  -7.7453751e-02
   2.0000000e+00  -5.1587227e-01  -1.0208388e+00  -8.2460977e-01  -1.2746847e-01   7.1886348e-01  -8.9453257e-01
   2.0000000e+00   1.9850665e-01  -5.8504443e-01   1.5951530e+00   7.5168656e-01  -1.0257579e+00  -6.4812941e-01
   2.0000000e+00   1.2274506e+00   3.7746290e-01   2.5563709e-01  -1.3304303e+00   4.1580445e-01  -1.9350582e+00
   2.0000000e+00  -2.4092653e+00   1.4365990e+00   4.6436446e-01  -1.1217271e+00   1.9553482e+00   4.3257990e-01
   2.0000000e+00   1.1370509e-01  -3.4867748e-01   2.1740604e+00  -8.4241867e-01   3.1178367e-01   3.8270165e-01
   2.0000000e+00  -2.3923767e-01  -5.5684052e-02  -1.1143913e+00   6.9182201e-01   1.8131785e-01  -4.6363862e-01
   2.0000000e+00   7.1488634e-01  -8.2611538e-01  -1.3264730e+00   5.3331751e-01   1.6406632e+00  -1.2891135e+00
   2.0000000e+00   1.2385174e+00  -1.1818033e+00  -4.5974546e-01   6.0310034e-01  -6.1742130e-01  -1.0231140e+00
   2.0000000e+00   9.3799606e-02   1.3992207e+00  -1.5694553e+00   4.3768548e-01   2.1213841e-01   1.0877982e+00
   2.0000000e+00  -2.2787523e+00  -5.3445025e-01  -1.0167539e+00  -6.5809812e-01   2.4233261e+00  -6.6279012e-01
   1.0000000e+00   7.3908643e-01   9.6357116e-01  -9.7322888e-01   1.4469897e-01  -2.9968394e-01   2.0475013e-01
   2.0000000e+00   4.1955533e-01  -7.5411113e-01  -1.1986380e-01  -2.0677635e+00  -5.7264399e-01  -2.6675071e-01
   2.0000000e+00   7.8731166e-01  -1.1185100e+00  -1.2594399e-01   1.4976609e+00   1.3328125e+00   6.6559718e-01
   1.0000000e+00   1.5417010e+00   2.1856349e-01  -1.2842543e+00   9.1070430e-01  -1.0414554e+00  -1.2481200e+00
   2.0000000e+00   5.3449664e-01  -1.8091040e+00   4.4589107e-01  -8.3967825e-01  -1.6641643e+00  -5.0682646e-01
   2.0000000e+00  -6.3429748e-01   1.5408373e-01   7.4641332e-01   1.7558245e+00  -5.4523234e-01   2.7656295e+00
   2.0000000e+00  -9.9695469e-02  -2.1143938e+00  -2.0043736e-01   1.1054842e+00   1.9485259e+00  -8.0581899e-01
   2.0000000e+00   2.4858069e-01   2.4787963e+00   9.3783739e-01  -1.3229142e-01   1.4643494e-02   1.1589413e+00
   1.0000000e+00  -7.5004509e-01   6.1353461e-01  -4.0722591e-03   7.7803197e-01  -6.6783913e-02   8.9140606e-01
   1.0000000e+00  -1.0789402e-01   7.5842257e-01  -1.2167514e+00   1.5735454e-01  -5.9744074e-01   1.3976364e-01
   2.0000000e+00  -7.0156408e-01   1.5153993e+00  -6.8879960e-01   1.4875216e+00   1.1020719e+00   3.3136043e-01
   2.0000000e+00  -6.0109730e-02  -1.5861611e+00   4.6657243e-01   1.1190388e+00   1.0900732e+00  -1.3548378e-01
   1.0000000e+00   7.5505982e-01   1.5030763e-01  -4.3738235e-01   5.8809324e-02   2.2201160e-01   5.0283165e-01
   2.0000000e+00  -3.1176877e-02   1.2312533e+00   1.9138401e-01   5.4714945e-01  -9.9833683e-02  -1.2359483e+00
   2.0000000e+00   7.7485647e-01  -1.2295959e+00   1.5375330e-01  -3.3791963e-01   1.3801415e+00  -1.3222019e+00
   2.0000000e+00  -5.5388473e-01  -5.4325728e-01   7.3402774e-01   1.1649458e+00  -3.5254512e-01   1.8361332e+00
   2.0000000e+00   1.0316192e+00  -1.6915935e-01   1.2937836e+00   3.0549508e-01  -4.4284485e-01  -3.8691407e-02
   2.0000000e+00   8.5990627e-02  -5.0302358e-01   6.5761163e-01  -2.9531918e+00  -1.5975413e+00   1.5306199e+00
   2.0000000e+00   5.5116192e-01   4.7101263e-03  -1.7999691e+00  -1.2621180e+00   2.8951747e+00  -1.2985753e+00
   2.0000000e+00  -5.3590125e-01  -2.6701137e-01   1.1128512e-01  -4.1672691e-01  -9.0356432e-01   6.9635231e-01
   2.0000000e+00   2.6720385e+00  -2.1034285e+00  -1.2213901e+00  -1.2457463e+00   1.3004185e+00   1.2320977e+00
   2.0000000e+00   1.0997708e-01  -1.2979837e+00  -5.9240363e-02  -2.2954188e-01   7.7447788e-01   1.1360515e+00
   2.0000000e+00  -1.1673627e-01   2.6136846e+00  -1.2955226e+00   6.2953502e-01  -3.0820484e-01  -8.4997380e-02
   2.0000000e+00  -8.2836668e-01  -1.3466155e-01   3.3555194e-02   1.1981975e+00   1.2589284e+00   8.6319949e-01
   2.0000000e+00  -2.5554616e-02   1.3888658e+00   2.8253213e-01   7.9558312e-01   2.4951207e-02  -1.3263815e+00
   2.0000000e+00  -4.2626732e-01  -5.6151926e-01  -5.7434844e-01   4.4933499e-01   1.2588160e+00   4.6317519e-01
   2.0000000e+00  -1.1100926e+00  -7.4252224e-01  -6.1978543e-01   1.5785645e+00   1.8792019e-01   2.1620041e-01
   2.0000000e+00  -5.5027591e-01  -9.5789197e-01   8.6880492e-01   7.1133284e-01  -1.4038726e+00   2.8322257e-01
   2.0000000e+00  -9.7941975e-01  -9.2203070e-01  -1.0301017e+00   6.2672142e-01  -6.5298215e-01   5.7313277e-01
   2.0000000e+00   1.0270385e+00  -1.5836988e+00  -5.3129126e-01   1.0937178e+00   2.4187600e+00   9.9246818e-01
   2.0000000e+00   6.1602059e-01   2.4412708e+00   8.3179863e-01  -4.7781269e-01  -1.0506360e+00  -1.3504423e+00
   2.0000000e+00   1.0785244e+00  -2.5996986e-01   9.3965771e-01   1.4165241e+00   2.2241569e+00  -9.8602948e-01
   2.0000000e+00   4.2232038e-01  -6.5712399e-01   3.4302072e-01  -1.3671732e+00  -7.2607174e-01  -3.5156371e-01
   2.0000000e+00  -4.5297731e-01  -1.7372633e+00  -3.7382945e-01  -4.7595474e-01  -7.8440561e-01  -1.0001176e+00
   2.0000000e+00  -8.7519116e-01   1.4876653e-01  -1.3614936e+00  -2.1806287e+00   2.4198880e-01  -1.5649469e+00
   2.0000000e+00   1.3018239e+00   1.6041607e+00  -3.9940996e-01  -1.3897276e+00  -1.3092886e+00  -8.4980101e-01
   2.0000000e+00  -1.9267287e-01   1.0658979e+00   1.9774785e-01  -1.6828981e-01  -2.5387059e-01  -6.8254795e-01
   2.0000000e+00  -9.6062636e-01   4.4768616e-01   2.0821119e+00  -2.3311231e+00   1.0127563e+00   1.4725690e+00
   2.0000000e+00   5.8745989e-01   1.7169716e-01  -6.8687730e-03  -2.1339296e+00   7.3534131e-01  -1.8615480e+00
   2.0000000e+00   5.8557549e-01  -6.5004209e-01  -9.0070267e-01  -1.3247186e-01   8.6261078e-01  -4.0400129e-01
   2.0000000e+00   1.7065565e+00  -1.3039824e+00   1.5300318e+00  -4.8224341e-01  -6.0021817e-01  -1.5945848e+00
   2.0000000e+00   6.4359578e-01  -4.7770529e-01   1.5189735e+00  -1.4148389e+00  -3.7284049e-01   2.8138242e-01
   2.0000000e+00   1.1140846e+00  -4.7885049e-01  -5.7271916e-01   1.1232657e+00   5.3592530e-01  -5.4986605e-01
   2.0000000e+00   1.5440246e+00  -1.1832912e+00   6.3975841e-01  -1.0940120e+00  -6.6362823e-01  -1.4337529e+00
   2.0000000e+00  -8.3744980e-01   1.0879762e+00  -6.2082496e-01  -1.5617202e-01  -1.0503296e+00  -4.2316363e-01
   2.0000000e+00   6.3659713e-01  -6.3405979e-01   1.0485472e+00   1.5207885e-01  -5.3185756e-01  -3.1421235e-02
   2.0000000e+00  -2.3158062e-01   1.8972783e-01  -7.8507313e-01   1.3850580e+00  -1.1889593e+00  -7.2722802e-02
   1.0000000e+00   2.9054947e+00   6.2377266e-01  -4.6850420e-02   4.1840758e-01   1.8644603e-02   2.5414336e-01
   1.0000000e+00   8.8377167e-01   7.6868463e-01  -7.3373569e-01   3.5954047e-01   8.7658678e-01  -1.6083525e+00
   1.0000000e+00  -4.4720592e-01   3.2013705e-01   4.3424323e-01  -4.4861738e-01   1.9838666e-01   1.2993269e+00
   2.0000000e+00  -8.2542963e-01  -8.1194228e-01   5.8342608e-01   1.3518018e+00  -1.0075427e+00  -1.2111406e+00
   2.0000000e+00   4.3054124e-01   4.2079035e-02   2.4397589e-01   1.2635725e+00   2.1990043e-01   2.4745032e-01
   2.0000000e+00   1.5949294e+00  -1.6291707e+00   1.7540654e+00   6.8309678e-01  -3.1250991e-01   1.5218004e+00
   1.0000000e+00   9.2299302e-01   2.1307114e-01  -1.2194483e+00  -2.9506237e-01   7.2067069e-01   1.4086687e+00
   2.0000000e+00   1.8887378e+00   4.8335791e-01  -4.7335659e-01   1.6663473e+00  -6.0951226e-01   1.4595836e+00
   1.0000000e+00   1.7345238e-01   4.1844343e-01  -6.7150502e-01   4.7141304e-01   8.4405647e-01  -4.2192663e-01
   2.0000000e+00  -3.7523318e-01  -1.0689638e+00  -3.8904967e-01  -2.9238261e-02   1.1898717e+00   7.7509344e-02
   2.0000000e+00   1.0716856e+00  -6.4299073e-01   6.5259781e-01   2.5495332e-01  -4.6646261e-02   7.2889360e-01
   2.0000000e+00  -2.7601100e-01   1.9076920e+00   6.5041359e-01  -1.6516591e+00   1.3341374e+00   2.2688811e+00
   2.0000000e+00   7.0001293e-01  -2.6898233e+00  -4.7316383e-01  -1.0747419e+00   3.2076305e-02  -1.2522544e+00
   1.0000000e+00   4.0420856e-02   7.1742567e-01   1.7161829e-01   1.7592454e-01  -9.4275688e-01  -1.0877531e+00
   2.0000000e+00   7.4728290e-01  -2.1235656e+00   7.8556207e-01   7.7637460e-01   6.7105535e-01  -3.3525271e+00
   2.0000000e+00  -1.1441565e+00   7.8801970e-01  -6.1149715e-01   1.3304410e+00  -6.7720193e-01   1.0342445e+00
   2.0000000e+00  -6.7912123e-01  -5.9322372e-01  -3.4933987e-01   1.3990301e-01  -2.2039352e-01  -3.1975801e-01
   1.0000000e+00  -2.3306160e+00   5.2119486e-01   8.8405199e-02  -1.0907705e-01  -2.3191161e-01  -2.3883633e-01
   2.0000000e+00  -1.2756867e+00  -4.6544385e-01   1.1521358e+00   3.7143868e-01   8.4317620e-01  -5.5472266e-01
   1.0000000e+00   2.6684720e+00   7.7468110e-01   6.5341370e-02   2.9382069e-01   4.4668044e-01   1.9961064e-01
   1.0000000e+00  -7.2991657e-01   3.0858351e-01  -4.6569371e-01   9.0184552e-01   2.6598045e+00  -2.2729378e-01
   2.0000000e+00   2.1168802e-01   6.4194705e-01   9.6587521e-01   1.8192258e+00   4.9803714e-01  -1.5947931e+00
   2.0000000e+00  -2.9605115e-01  -7.0793894e-01   5.9461412e-01   6.5120372e-01   9.4193551e-01  -1.4725647e+00
   2.0000000e+00   1.0002386e-01  -1.4353487e+00  -2.9386841e+00  -1.6649382e-01  -3.1348529e+00   4.0590268e-01
   1.0000000e+00   6.6493213e-01   9.0525478e-01   4.1197560e-01   1.4566680e-01  -5.7279834e-01   8.6784238e-02
   2.0000000e+00   2.8898821e-01  -1.5786359e+00   1.5197524e+00  -1.0186534e+00   1.9097268e-02   1.4837919e-01
   2.0000000e+00  -3.3760246e-01   8.8408466e-01   7.8481733e-02  -8.2303884e-01  -1.2788798e+00  -1.6619965e+00
   2.0000000e+00  -4.3395813e-01  -1.1755607e+00  -1.7525156e+00   4.9856987e-01   1.0406388e+00   5.1865779e-03
   1.0000000e+00  -4.2783547e-01   4.4150896e-01   4.7417608e-01   3.7557398e-01   3.1994372e-01   9.1014462e-01
   2.0000000e+00   9.9563924e-01  -1.3178428e-01  -5.5241685e-01   4.6485070e-01   1.8689963e+00  -2.1781926e-01
   2.0000000e+00  -9.2741601e-01  -8.3470505e-03  -1.5525736e+00  -9.5029142e-01   9.3703456e-02  -1.0080997e-01
   2.0000000e+00   1.2113364e+00  -7.8259722e-01  -3.0545203e-01   6.3557711e-01  -8.4853613e-01  -1.4194053e+00
   2.0000000e+00   2.1838867e+00   1.2012871e+00  -1.4005940e+00  -1.6200045e-02  -1.1217256e+00   1.0297533e+00
   2.0000000e+00   7.1627021e-01  -8.2663966e-01   6.6045627e-01   8.4054119e-01   2.5050677e+00   7.9853667e-01
   2.0000000e+00   9.0970488e-01   2.7787447e-01   9.6060554e-01   1.2722079e+00  -1.2423198e+00   7.4285224e-02
   2.0000000e+00  -7.8327417e-01  -9.2902049e-02  -1.4399459e+00   9.2535640e-01   1.6794417e+00  -2.6579965e-01
   2.0000000e+00  -1.2565730e+00   7.0184643e-02  -3.6794813e-01   1.2290712e+00   2.8888237e-01   2.9678552e-02
   2.0000000e+00   1.6018886e+00  -1.0536857e+00   2.3178014e-01  -1.2798245e-01  -1.5161423e-01   4.7126657e-01
   2.0000000e+00  -2.5543925e-01  -2.7560472e-01  -7.0454331e-01   6.3217727e-01  -1.1172566e+00   4.9864007e-01
   1.0000000e+00  -8.2820656e-01   7.9047385e-01   6.5757994e-01  -2.7503459e-01  -2.6283395e+00  -1.5297591e-01
   2.0000000e+00   1.1168851e+00  -5.0389105e-01   1.3766532e-01  -3.4850952e-01  -7.7186678e-01   8.7662062e-01
   2.0000000e+00  -7.1207846e-01   6.9002915e-01   1.1703751e+00   1.2787284e+00  -5.8856127e-01  -9.0269431e-01
   1.0000000e+00   1.8819388e-01   6.4496730e-01   1.8332042e+00  -3.6507221e-01   4.3322192e-01   1.5251267e+00
   2.0000000e+00   6.7675314e-01  -1.6577158e+00   8.2000642e-01   2.4588507e-01   5.1621904e-01  -2.3076043e+00
   2.0000000e+00  -1.7898974e+00  -8.4840234e-01  -3.1776346e-02   3.4021404e-01   2.9590096e-01  -2.4197653e-01
   2.0000000e+00   9.7277890e-01  -1.1876701e-01  -4.7642937e-01  -9.8234262e-01   5.0502952e-01  -9.7554848e-01
   2.0000000e+00  -2.7820358e+00  -4.9686432e-01   6.9718143e-01  -1.5097655e-01   8.9725651e-02   5.2956760e-02
   2.0000000e+00   8.4832623e-01  -8.9364678e-01  -1.1269008e+00  -1.3672498e-01   8.8599857e-01  -1.1794831e+00
   2.0000000e+00  -1.8861405e-01  -2.4303641e-01   2.9274184e-01  -1.0062289e+00   1.9110217e+00  -9.2169496e-02
   2.0000000e+00   7.3237484e-01  -1.4285910e+00  -1.2388539e+00  -6.9207262e-01   1.0557406e+00  -3.3912214e+00
   2.0000000e+00  -9.6700499e-01  -1.6438202e-01   6.5517417e-01   5.6419285e-02   9.8268307e-01  -5.3323041e-01
   2.0000000e+00   5.5480400e-02  -7.3338132e-01   4.5343023e-01  -9.9206840e-02  -7.0904526e-01  -1.6103468e+00
   2.0000000e+00  -1.4809204e+00  -1.4836468e+00   1.2473821e+00   1.2553293e+00   3.1841035e-01  -1.6309267e+00
   2.0000000e+00  -4.7898588e-01  -5.2466637e-01  -3.5206615e-01   5.2473365e-01   1.7901317e+00   1.4228956e-02
   2.0000000e+00  -1.8798000e-01  -1.8230331e+00   1.2692787e+00   8.0609944e-01  -1.3683738e+00  -2.5619540e+00
   2.0000000e+00   9.0842599e-01   1.4873383e+00   2.8637349e-01   9.7979415e-02   2.8477252e-01  -1.1548485e+00
   1.0000000e+00  -9.9968060e-01   6.7699198e-02   6.4415049e-01   2.7297771e-01  -1.5021149e+00  -7.9190893e-03
   2.0000000e+00   2.6277500e-01  -6.1385934e-01  -4.9759485e-01  -8.8293422e-01   2.5214590e-01   1.8099575e+00
   2.0000000e+00   2.3929475e+00  -7.1253400e-01  -1.2393631e+00  -2.5865407e+00  -4.1129531e-01   2.5867419e+00
   2.0000000e+00  -1.2639638e+00  -8.5951979e-01   1.0943979e+00   5.9308972e-01  -2.7695201e-01   9.9880515e-01
   1.0000000e+00   4.5774829e-01   4.6201445e-01   1.0630517e+00   1.9325487e-01   6.1156434e-01   1.9625188e-01
   2.0000000e+00  -8.1321845e-01  -4.6909129e-01  -3.6049347e-01  -5.2773731e-01  -6.4286104e-01  -7.2785623e-01
   2.0000000e+00   5.1244804e-01  -8.8710241e-01  -5.9724375e-01   6.2229395e-01  -3.0996372e+00   1.6388202e+00
   2.0000000e+00   4.0841103e-01   1.5431689e+00  -1.0589882e+00  -3.5010950e-01  -5.4154782e-01  -2.7281266e-01
   2.0000000e+00   1.0572430e+00   1.3064067e-01   2.0297965e+00  -5.5306902e-01  -2.2679428e-01   1.5248946e-01
   2.0000000e+00  -8.8280759e-02  -1.3536030e+00  -9.3078743e-02   1.0889110e+00   9.0638713e-01  -9.6884898e-02
   2.0000000e+00  -1.5621915e-01   1.1039017e+00  -1.8886834e-01   7.2388821e-01  -1.0201965e-01  -1.5664339e+00
   2.0000000e+00  -8.5478620e-02   1.3072835e+00  -9.9817732e-01   2.3194404e+00  -9.5731475e-01   1.9641267e+00
   1.0000000e+00   5.6096208e-01   3.9539703e-01  -5.4636981e-01  -2.2443171e-01  -1.1422530e-02  -1.4381139e+00
   2.0000000e+00   7.9590348e-01   5.5918740e-02  -2.8517920e+00  -2.1769979e+00  -3.4281727e-01  -2.8544122e-01
   2.0000000e+00   1.0107596e-01  -6.3077520e-01   6.9825213e-01  -7.2998185e-01  -3.6052284e-01   3.4824347e-01
   1.0000000e+00  -1.6018591e+00   3.0226332e-01  -1.0782923e+00   2.5602665e-01   1.4553881e+00  -9.8191708e-01
   2.0000000e+00  -3.5298714e-03   6.3733298e-02   1.5072300e+00  -1.5321743e+00  -1.4680534e+00  -1.4735892e+00
   2.0000000e+00  -1.2759284e+00  -6.7268271e-01   8.8433279e-01   1.4567425e-01  -1.1636576e+00   1.5968885e+00
   2.0000000e+00   1.3160909e+00   9.2912192e-01  -1.2993453e+00  -7.3243251e-01   1.1883607e+00  -9.4401845e-01
   1.0000000e+00  -5.5447476e-01   3.5948884e-01   2.1855010e-01   3.2480449e-03  -3.2431282e-01   1.1854503e-01
   2.0000000e+00  -1.0375140e+00  -2.1543647e-01   1.0506949e+00  -6.7066951e-01   8.8601112e-01  -7.2044043e-01
   2.0000000e+00  -1.4576675e+00  -1.0432549e+00  -7.9197664e-01   1.2119402e+00   4.2142326e-01  -5.5566186e-01
   2.0000000e+00  -1.0761884e+00   2.3310858e+00   1.6253543e-01   1.2202843e+00   2.2406901e-01   3.2200725e-01
   2.0000000e+00  -6.8829474e-01   1.2046067e+00   7.1200147e-01   1.4919193e+00   7.8320263e-01  -8.0809293e-02
   1.0000000e+00  -3.9944314e-01   3.4776073e-01  -1.1121819e+00   6.0300051e-01  -8.1851014e-01  -1.2634013e+00
   2.0000000e+00   1.4747969e-01   1.2896685e+00   1.0141544e+00   5.2801730e-01   7.7770597e-01  -3.3576374e-01
   1.0000000e+00   9.1106284e-01   8.4707500e-01   8.7711793e-01  -2.9927529e-02  -9.5304781e-01   3.0606586e-01
   2.0000000e+00   9.2164360e-01   1.3070370e+00   7.0989730e-01   3.4345648e-01  -8.2521606e-01   6.0583721e-01
   2.0000000e+00  -5.4658027e-01  -1.9530780e+00   9.0504817e-01  -7.1639578e-01   2.9345059e-02  -7.8485545e-01
   2.0000000e+00   2.3125833e-01   6.7025123e-01  -6.2561389e-01  -1.2064245e+00   6.5970754e-01   1.3456094e-01
   2.0000000e+00   1.0506788e-01  -4.1426593e-01  -5.5209714e-01   6.5976990e-01   1.2683647e+00  -5.8222390e-01
   2.0000000e+00   2.3984339e+00  -5.1792387e-01  -2.4372876e+00   1.2129076e+00  -1.3218030e+00   1.2382411e+00
   1.0000000e+00  -3.4601340e-01   1.3629476e-01  -1.8920273e+00  -6.1467290e-01  -6.1677610e-01  -1.1152351e+00
   2.0000000e+00  -2.6476778e+00   8.9428946e-01  -5.6292139e-01  -8.1192169e-01  -5.3684590e-02  -1.1921943e-01
   1.0000000e+00  -8.1410090e-01   8.1598439e-01  -1.8169659e+00   1.0911221e-01   6.0995019e-01  -1.3467070e+00
   2.0000000e+00   5.8104895e-01   1.4716045e+00  -4.4132095e-01   5.4522355e-01   7.0395243e-01  -9.4627066e-02
   1.0000000e+00  -5.6678669e-01   6.4946445e-01   2.7919686e-01   1.9067009e-01  -2.6504809e-01  -9.4362098e-01
   2.0000000e+00  -1.2622182e+00   1.5472642e+00   1.1218786e+00   4.3348440e-01   2.0051892e-01   7.7027940e-01
   2.0000000e+00   1.0968769e+00   1.8668371e+00   1.5744864e+00   1.6527321e+00  -3.5821984e-01   1.2167912e+00
   2.0000000e+00  -9.4117841e-02  -5.6334868e-01   1.7183665e+00   8.9852496e-01  -2.1391070e-02   5.6778834e-01
   2.0000000e+00  -7.2378841e-01   1.0727772e-01  -2.7219219e-01  -2.2332310e+00   9.4402191e-01  -5.7465958e-01
   2.0000000e+00   7.1182226e-01  -2.0160643e+00   3.4422955e-01   4.7605330e-02  -2.3093734e-01  -1.5934162e+00
   2.0000000e+00  -6.0707654e-01  -8.1295015e-02  -7.1942185e-01  -1.8182187e+00  -1.0279372e-02  -8.4358041e-01
   2.0000000e+00   1.1810877e+00  -3.7432028e-02   7.4403743e-01  -1.8164556e-01  -6.5047892e-01  -5.7297205e-01
   2.0000000e+00   2.3864885e+00   2.2391237e+00   1.1890644e+00  -4.0081662e-02   1.5387419e+00  -1.5116722e-02
   2.0000000e+00  -7.8551005e-01  -5.0678177e-01  -7.5944392e-03   7.1973762e-01  -1.8196897e+00   3.6271772e-01
   2.0000000e+00  -5.0162405e-01  -1.3526535e+00  -1.1302729e+00  -5.6914964e-01  -5.0325285e-01   1.4792805e-01
   2.0000000e+00  -1.2812898e+00  -8.4922158e-02   2.7675327e-01  -2.3142234e-01  -1.5096907e-01   1.2062445e+00
   2.0000000e+00  -5.2531812e-01   1.5717657e+00  -6.3371355e-02  -4.9427207e-01   4.6845505e-01   4.6879218e-01
   2.0000000e+00  -2.5819088e-01  -1.6293007e+00   7.2121028e-03  -4.6782762e-01   3.4516847e-01   1.0908442e+00
   2.0000000e+00  -3.4179966e-01  -5.3051834e-01   9.1653313e-02   1.0357759e+00  -1.8713762e+00   8.0901911e-01
   2.0000000e+00   1.1294182e-01  -5.6953199e-01  -4.2876333e-01  -4.6937045e-01  -8.5342093e-01  -4.3442560e-01
   2.0000000e+00  -5.2393610e-01   9.7852337e-02   1.0701233e+00   1.2677009e+00  -4.4819172e-01   7.1111940e-01
   2.0000000e+00   5.3179992e-01  -2.6034700e-01  -1.8511986e+00   1.6966187e+00   5.8458789e-01   5.7435974e-01
   2.0000000e+00   7.0174625e-01   6.3586874e-01   6.2128549e-01   1.0575762e+00   2.2368927e+00   1.7442847e+00
   2.0000000e+00   8.7745706e-02  -1.9006115e-02   7.1418956e-01  -2.5305919e+00   3.9047097e-01  -1.6904684e-01
   2.0000000e+00   1.4005269e+00   1.3284644e+00   2.3241076e-01   3.4131934e+00  -1.8083117e+00   1.0164501e+00
   2.0000000e+00   6.4806002e-01  -1.2515007e+00   1.2804161e+00  -3.1924877e-01  -5.4214883e-01   2.2561355e-01
   2.0000000e+00   3.1279420e-01   3.7735913e-01   3.8594614e-01  -1.1619356e+00   8.0902595e-01  -1.9780488e+00
   2.0000000e+00   6.4083793e-01  -1.3742218e-01   4.2144529e-01  -3.3564936e-01  -3.7549369e-01   3.6309633e-01
   2.0000000e+00  -6.3093573e-01  -4.0653948e-01  -8.5091267e-01  -1.6381109e-02  -1.2347899e+00  -5.3085793e-01
   1.0000000e+00   1.8673721e-01   7.6626928e-01   1.3986803e+00  -4.9316704e-01  -1.0187747e-01   1.3309428e+00
   2.0000000e+00  -6.1974115e-01   1.1669594e+00   6.9407012e-01  -2.2219094e+00  -2.0099512e-01   1.0790241e+00
   2.0000000e+00  -1.6830953e+00   1.8207241e+00   1.2340174e+00   5.9038978e-01   8.9920839e-01   7.8892981e-01
   2.0000000e+00  -1.9828040e+00   2.4840430e-01   8.9285258e-01  -1.4950286e+00  -1.5281035e+00   2.4963797e+00
   2.0000000e+00  -2.7903703e-01  -2.4546304e-01  -7.4959995e-01   4.1000714e-01  -6.3526392e-01   6.1656530e-01
   2.0000000e+00   6.5475976e-01   1.6545480e+00   1.1299756e+00   3.2182580e-01  -1.7997836e+00  -1.6371148e-01
   1.0000000e+00  -8.3279990e-01   8.7158636e-01  -4.9441790e-01  -1.2798413e-01   2.0393323e+00   5.0458024e-01
   2.0000000e+00   1.2503587e-01  -4.9074986e-01   2.7322370e-01  -1.1538810e-01   3.5641330e-01   3.7346343e-01
   2.0000000e+00   4.9702257e-01  -4.6614791e-01   1.3293505e+00  -6.0808691e-01   1.2423725e+00   1.0443517e+00
   2.0000000e+00   1.0055369e+00  -8.3187878e-01  -1.5839354e+00  -8.3483385e-01  -1.2712454e+00  -3.1044520e-01
   2.0000000e+00   6.8213355e-01   1.4507000e+00   1.2410759e+00   1.2156271e+00  -7.4495601e-01  -1.6978774e-01
   2.0000000e+00   1.4013498e+00  -5.5772281e-01  -2.2328989e+00   7.8943309e-01   1.1479594e+00   5.3725585e-01
   2.0000000e+00   5.1568094e-01  -1.7672639e+00  -6.2912666e-01   4.2625594e-01   3.6226830e-01   4.7411911e-01
   2.0000000e+00  -7.8059592e-01   1.1126420e+00  -9.3198882e-01  -1.0149047e+00   1.2925120e+00   1.6692884e+00
   2.0000000e+00  -1.7070133e+00  -1.8348947e+00  -8.0423048e-01  -1.1846743e+00  -7.3303204e-02   7.4050239e-01
   2.0000000e+00   3.9343755e-01   1.3491312e+00   3.4101115e-01  -9.7885392e-01  -1.8866061e+00  -2.4113738e-01
   2.0000000e+00  -6.7061637e-01  -6.6085630e-01   2.9886551e-01  -1.0966002e+00   1.7411284e+00  -1.6771769e+00
   2.0000000e+00   6.1533484e-01  -9.3254635e-01   4.2267658e-01  -5.4342709e-01  -9.7967792e-01   1.2798980e-01
   2.0000000e+00   4.7356007e-01   5.9827011e-01  -9.5726436e-01  -8.5834793e-01   1.1208345e-01   5.6890658e-01
   2.0000000e+00   6.1014938e-01  -1.8702415e-01  -1.5745361e-01  -3.1964565e-01  -3.9811779e-01   3.5930681e-02
   2.0000000e+00   1.6439981e-01  -8.3060905e-01   1.4986556e+00   2.3746461e-01   1.7979198e+00  -1.9987788e+00
   2.0000000e+00  -3.8746137e-01  -7.4194519e-01   5.6657639e-01   1.1203713e+00  -5.4304223e-01   1.8221886e-01
   2.0000000e+00  -1.2071707e+00  -3.6260721e-01  -7.5662588e-01   1.1381946e+00  -1.3078474e+00  -5.1735022e-01
   2.0000000e+00  -1.0769804e+00   1.3172847e+00  -9.3383802e-01   1.0654614e+00   1.7353336e+00   2.8818522e-01
   2.0000000e+00   1.5185314e-02  -6.3553620e-01  -1.6170097e+00  -1.0884141e+00  -1.1444872e+00  -1.0392087e+00
   2.0000000e+00   9.7292696e-02   1.4191421e+00  -7.6829295e-01  -3.1987772e-01  -3.5637008e-01  -1.2194296e+00
   2.0000000e+00  -4.2113586e-01   4.0278893e-01  -1.0738955e+00   2.0297817e+00  -9.0680645e-01   9.2679717e-01
   1.0000000e+00   1.2319181e+00   4.7794869e-02  -6.7764082e-01  -1.5703855e-01   1.9899571e+00  -3.2441275e-01
   2.0000000e+00  -1.7220696e+00   2.6997484e-01  -9.5690487e-01   1.8048181e+00   1.4450221e-01  -6.1522903e-01
   2.0000000e+00  -1.6782213e+00   7.7542871e-01   2.6916726e-01   6.6975337e-01   1.8078124e-01   7.5080670e-01
   2.0000000e+00   8.5507168e-01  -1.8585402e-01   8.0133738e-01   3.3741812e-01  -5.6023366e-01  -2.1621119e+00
   1.0000000e+00   9.5064570e-01   1.9992001e-01  -7.1138569e-01  -5.5385027e-01   3.5368531e-01  -6.3341784e-01
   2.0000000e+00   2.1515546e-01   1.7411360e+00  -1.3114564e+00   1.9052033e+00  -2.4791762e-01  -2.5387472e-02
   2.0000000e+00  -1.1397299e+00  -1.2851170e-01   7.4779395e-02  -7.1743006e-01  -1.2909598e+00   1.4882907e+00
   2.0000000e+00  -2.4942252e-01  -1.2057821e+00  -1.5303839e+00  -1.1321169e-01   5.1868468e-01  -9.5925723e-01
   2.0000000e+00   1.2916520e+00  -7.0525340e-01  -2.3877437e+00   2.8040298e-01  -9.0417170e-01   8.9283011e-01
   2.0000000e+00  -8.3366493e-01  -1.0003054e+00  -4.1117933e-01  -8.9883396e-01   9.4294678e-01   8.5066449e-01
   2.0000000e+00   4.0021172e-01  -1.3468328e+00   1.9537218e+00  -1.9223911e+00   5.9731789e-01  -1.0249795e+00
   2.0000000e+00  -2.3408817e-01  -8.2854120e-01  -1.4156491e+00   4.6732888e-01  -8.2882534e-02   1.5538254e+00
   2.0000000e+00  -6.5523919e-01   1.0630412e+00   1.8285031e-01  -1.1183673e+00  -1.2714607e+00  -3.4294752e-03
   2.0000000e+00  -8.7972231e-01   1.1088336e+00   3.5372356e-01  -3.7095065e-01  -5.0701061e-01  -2.3312223e-01
   2.0000000e+00   4.7858675e-01   5.1360880e-01  -1.6482392e-01  -1.6791843e+00   4.7534198e-01  -7.5718978e-01
   2.0000000e+00  -3.4376532e-01  -1.2449930e+00   8.5629812e-01   6.5575643e-01  -1.6426360e+00   1.1729454e-01
   2.0000000e+00  -6.0658632e-01  -6.1658659e-01  -7.9443535e-01  -6.9051387e-01  -4.4293440e-01   4.0256252e-01
   2.0000000e+00  -1.8212481e+00   8.3773257e-01   5.6788248e-01   6.1384603e-01   1.6583482e+00  -3.9751061e-01
   2.0000000e+00   3.1198335e-01  -3.3148579e-01   2.5142100e-01   1.6111976e+00  -3.5373194e-01  -8.8555258e-01
   2.0000000e+00  -4.5826561e-01  -1.4423332e-01  -4.4963760e-01   2.7293790e-01  -1.0562425e+00   1.5748880e+00
   2.0000000e+00   3.2912247e-01   1.4688227e+00  -1.2242601e+00  -1.5797692e+00   1.6372202e+00  -4.7934976e-01
   2.0000000e+00   1.8679695e+00  -2.9814077e-01  -5.9753283e-01  -1.3234665e+00   3.3552240e-01   1.2313791e+00
   2.0000000e+00   4.5876548e-01  -6.6741499e-01  -9.2887188e-01   4.5536304e-01  -5.6960449e-01   9.2774737e-01
   2.0000000e+00   2.0759927e+00   1.9069225e-01  -1.1374949e+00   1.4122762e+00  -1.1726247e+00  -1.1879626e+00
   1.0000000e+00   9.6125559e-01   9.0836128e-01   1.1558115e+00  -3.0837047e-01   4.5624377e-01   3.8359994e-02
   2.0000000e+00  -1.9947830e+00  -1.4129621e+00   1.9539306e-01  -2.9586341e-01   4.3385277e-01   1.7990330e-01
   2.0000000e+00   1.8770533e+00   1.4319965e+00   1.0735636e+00   1.0909263e+00  -4.7180877e-01  -7.2737547e-01
   2.0000000e+00  -7.0876334e-01  -3.0663830e-01   1.2551444e-02   8.9603069e-01  -1.2968540e+00   1.7765261e-01
   2.0000000e+00   6.1343714e-01  -2.1507292e-01   6.0883462e-01  -2.9443298e-01   3.0474124e-01   8.5010006e-01
   2.0000000e+00   5.8932941e-01  -2.0973262e-01   5.7351685e-02  -1.2857051e+00   1.7364840e-01   7.0496514e-01
   2.0000000e+00   1.3232814e-02  -1.9686377e+00   4.5765053e-01   9.3968389e-02   9.6626267e-01   8.6528627e-01
   2.0000000e+00  -6.6698986e-02  -1.6223436e+00   1.3911348e+00  -2.0659642e-02   1.0068603e-01  -1.5738667e-01
   2.0000000e+00   9.0338599e-01   1.0985726e+00   6.4518622e-01   5.0435070e-01  -2.7965306e-01  -1.4763703e+00
   2.0000000e+00  -2.5295948e-01  -4.4846333e-01   4.5219311e-01   1.0645173e-01   7.6636409e-02   4.7516774e-01
   2.0000000e+00   2.5694953e-01   4.8645355e-01   2.5035674e+00  -1.1065816e+00  -1.0415473e-01  -1.3059117e+00
   2.0000000e+00   1.6284243e+00  -1.7065187e+00   7.2338301e-01  -5.0084866e-01   2.9390796e-01   4.5123910e-01
   1.0000000e+00  -4.0330405e-01   1.1615816e-01   2.3484443e-01  -5.3773776e-01  -1.3172450e-01  -1.9162966e-01
   2.0000000e+00   4.6964793e-01  -1.2816427e+00   1.3001032e+00   1.6632537e-01   5.9774249e-01   6.1618993e-01
   2.0000000e+00   1.5879661e+00   6.6072022e-01  -1.5313636e+00  -1.0781197e+00  -1.5113315e-01   1.9114501e+00
   2.0000000e+00   1.3996256e+00   4.6659101e-01  -8.7851882e-01  -1.4603888e+00   1.1956400e+00  -1.2348418e+00
   2.0000000e+00  -8.3331892e-01   8.0724917e-01   3.3414008e-01  -1.0735906e+00   1.9233255e-01   1.6068417e-01
   2.0000000e+00  -1.6398292e+00   1.4925829e+00   5.4357136e-01  -1.1244240e+00   1.8671212e+00   1.5917470e+00
   1.0000000e+00  -1.2747892e+00   1.9141646e-01   6.4122254e-01   7.8147534e-01   5.9672698e-01  -3.5782579e-01
   2.0000000e+00   5.6135901e-01  -1.6517643e+00   4.5915356e-01  -1.5181198e+00   3.1142765e-01  -1.4474761e+00
   2.0000000e+00   7.4842232e-01  -1.1574307e+00   1.1423927e-01  -3.4995229e-01   1.0040370e+00  -1.6611878e+00
   2.0000000e+00   1.6664367e+00  -1.4790015e+00  -2.4964463e+00  -7.2429414e-01  -5.0284260e-01   9.5445282e-01
   2.0000000e+00  -9.8391501e-01  -8.6632913e-01  -1.1099576e-01  -5.9170023e-01  -8.8353029e-01   1.2464259e-01
   2.0000000e+00   1.0151707e-01  -1.1086433e+00  -4.9088532e-01  -8.4312164e-01   5.9286708e-01   4.1482553e-01
   2.0000000e+00  -1.4235681e-02  -4.1278420e-01   1.8570400e-01  -8.0105520e-01   3.7428607e-01  -6.0993047e-01
   2.0000000e+00   1.6622410e-01  -1.1828424e+00   8.8990529e-01   8.2351317e-02   1.4470893e-01   1.9498755e+00
   2.0000000e+00  -4.8878147e-01  -3.7445100e-01   1.0029824e+00   5.0559808e-01   2.1725952e+00   1.1478112e-01
   2.0000000e+00  -1.4399373e-01   1.2319951e+00  -6.5294288e-01   2.9052123e-01  -6.4064742e-01   9.6556677e-02
   2.0000000e+00   7.8901606e-01  -1.8511235e-01   2.3278459e+00  -6.7177693e-01  -6.4418585e-01  -1.4810745e+00
   2.0000000e+00  -1.2704632e+00   8.2488601e-01   1.8911978e+00  -2.3459079e+00  -1.3647371e+00   4.5148879e-01
   2.0000000e+00   4.3033060e-01  -4.6838754e-01   3.7092318e-01   1.3689612e-01  -5.7646931e-02   8.5949785e-01
   2.0000000e+00   9.4294933e-01  -2.2697626e-01  -4.0115909e-01   2.6725042e-01  -1.6189562e+00   7.3670972e-01
   2.0000000e+00   1.9806318e+00   7.1176051e-01  -1.8585009e+00  -1.0060112e+00   5.1565541e-01  -1.4508677e+00
   2.0000000e+00  -4.0398908e-01   8.8876528e-01  -9.5482842e-01  -1.0865441e+00  -1.8854089e-02  -1.0492729e+00
   1.0000000e+00   4.6640929e-01   9.7471322e-01  -3.9124413e-01   2.0982820e-02  -1.9392883e-01  -7.8268856e-01
   2.0000000e+00  -9.0007060e-01  -1.8757449e-01  -3.1757690e-01   7.3296946e-01   1.2553612e-01   1.8774459e+00
   2.0000000e+00   1.2673241e-01  -8.1681389e-02   5.2212554e-01  -3.7931318e-01  -1.0783438e+00   1.2755524e+00
   2.0000000e+00  -5.6055566e-03  -1.1406388e+00   3.1288631e-01  -5.0822817e-01  -8.1721281e-01   1.9885286e+00
   2.0000000e+00  -1.7550450e+00  -4.9773026e-01   8.5471422e-01  -6.6850303e-01   1.9989002e+00   1.6782314e-01
   2.0000000e+00   5.0592365e-01   9.1645520e-01   7.5973154e-01   1.1948487e+00  -4.2562396e-01  -2.5484547e-01
   2.0000000e+00  -1.9279876e-01   6.6139917e-01  -6.3538754e-01  -1.2151442e+00  -7.2879496e-01  -2.2095243e-01
   2.0000000e+00  -1.0492522e+00  -5.6994379e-01  -4.3160434e-01   5.3387244e-01  -9.8286651e-02   1.3391131e-01
   2.0000000e+00  -3.4945088e-01  -2.8396241e-01  -1.2277182e+00  -7.3712697e-01  -1.3789789e+00  -2.7636321e-01
   2.0000000e+00   1.5426932e-01  -5.7070606e-01   1.0277545e+00   1.1333159e+00  -1.4824611e+00  -1.2465994e-01
   2.0000000e+00  -1.3299219e+00  -1.3613803e+00   7.9596516e-01  -8.6458967e-01   1.6708385e+00   1.1959534e+00
   2.0000000e+00  -1.4670289e+00  -1.6969868e+00   1.6470519e+00   9.2048332e-01   7.7200222e-01  -6.0180413e-02
   1.0000000e+00   3.9142135e-01   4.0818807e-04  -1.1803893e+00  -5.0958079e-01   1.6846166e-01   5.3313387e-01
   2.0000000e+00  -1.8828232e-01  -3.3487553e-01  -2.9547662e-01  -1.7280536e-01   1.0407033e+00  -7.7603656e-01
   2.0000000e+00   5.1484715e-01  -3.1944239e+00   7.0177972e-01  -6.2314331e-01   3.7722760e-01  -1.9180486e-01
   2.0000000e+00   3.7949940e-01  -9.2806181e-01   1.0832526e+00  -2.8216860e-01   6.2530687e-01  -2.3225374e-01
   2.0000000e+00  -8.2063818e-01  -1.6744793e-01  -1.1014047e+00   3.6676544e-02  -1.9660545e+00   1.7643064e+00
   2.0000000e+00  -5.9854744e-01  -1.3793803e+00  -2.3935416e+00  -1.2861320e+00  -1.4443518e+00   1.8912947e-01
   2.0000000e+00  -2.8209199e-01   4.0461416e-01  -4.3657087e-01   9.5902175e-01   4.5093441e-02  -6.2884809e-01
   2.0000000e+00   1.7064406e+00  -1.2764384e+00  -7.5482098e-01   1.9401689e-01   2.3512895e-01   9.6968751e-02
   2.0000000e+00  -8.3157681e-01  -3.3385146e-01   6.2504052e-01  -7.5908282e-01   9.3829696e-01   7.4262703e-01
   1.0000000e+00   1.0541598e+00   3.7320952e-02  -7.4474463e-02   9.2063016e-01   9.0731215e-01  -2.1979534e+00
   2.0000000e+00  -9.0250917e-01  -1.3586275e-03  -1.3597933e+00  -1.2038112e-01  -7.8931723e-01  -6.6707678e-01
   2.0000000e+00  -2.5416488e-01  -1.9372881e+00   4.7718783e-01  -4.3347072e-01   1.9784418e-01   1.2664272e+00
   2.0000000e+00  -9.1419713e-01  -3.0366157e-01   6.3431159e-01   1.3562422e+00  -4.8217246e-01  -1.7248047e-01
   2.0000000e+00   2.8769495e-01   1.1359568e+00  -1.5176094e+00  -1.9561538e-01   7.4709590e-01  -1.2240979e-01
   1.0000000e+00  -6.3570649e-01   2.1219565e-01  -9.1685732e-02   9.6546090e-01   1.1803641e+00  -7.5470250e-01
   1.0000000e+00  -6.6253558e-01   1.2611047e-01   2.4021105e-01  -5.2373831e-01   6.3282462e-02   1.1441766e+00
   1.0000000e+00  -5.8714975e-01   1.5255643e-01   3.9657973e-01  -7.8206237e-02  -1.5573427e+00   4.9183869e-02
   2.0000000e+00   5.7729736e-01  -7.3011739e-01  -1.1455381e+00   1.3712797e+00  -2.6203286e-01  -6.9786741e-01
   2.0000000e+00   1.0464255e+00  -1.1888249e+00  -1.0414726e+00  -5.8414456e-01  -6.8745371e-01  -1.4285957e+00
   1.0000000e+00  -7.8903941e-01   1.9112379e-01  -1.9053154e-01   1.5096707e-01  -3.9981091e-01  -1.2972716e+00
   2.0000000e+00  -5.6112567e-01  -1.0233620e-01   3.1597688e-01   2.8914809e-01  -8.3190552e-01   1.7447034e-01
   2.0000000e+00   6.6472793e-01   7.2261001e-01   8.1593625e-01  -1.9752393e+00  -8.8613624e-01  -2.9140728e-01
   2.0000000e+00   1.5843983e-02   1.0918846e+00   1.8014292e+00  -9.1050781e-01   1.5909673e-01  -2.8987167e-01
   2.0000000e+00   4.3901577e-01   1.4478543e+00  -5.6810726e-01   5.3197258e-01  -6.4263919e-01   1.2630645e+00
   1.0000000e+00   5.3421934e-01   1.1603105e-01   1.5728518e+00  -3.6228814e-01  -1.2577579e+00  -1.3163743e-01
   2.0000000e+00   1.1368273e+00  -7.1880929e-01   3.9064164e-01   8.1053086e-01   9.9804762e-01  -5.8145054e-01
   2.0000000e+00  -6.4947535e-01   1.2750520e+00   1.9625152e-01   1.0694814e+00  -1.7996909e-01   7.2696541e-01
   2.0000000e+00  -1.1086583e+00   5.5570963e-01  -7.5136528e-02   1.2493305e+00   1.7497203e-01  -9.4805435e-01
   2.0000000e+00   1.2625850e+00  -8.2036744e-01  -2.3775626e-01   1.7248705e+00   1.7042773e+00   5.6135600e-01
   2.0000000e+00  -4.9648221e-01   1.0343210e+00   4.0572161e-01   5.6506071e-01   8.8633494e-01   9.3991386e-01
   1.0000000e+00   4.6837172e-01   6.6592408e-02  -5.4862521e-01  -2.5965579e-01   5.8651605e-01  -6.6672157e-01
   2.0000000e+00   1.8340929e+00   2.7445862e-01   1.1295346e+00   1.6284030e+00  -3.8695098e-01   1.2238224e-02
   2.0000000e+00   4.6795703e-01   1.1586921e+00   5.8521614e-01  -4.5795133e-01  -2.8756427e-01  -1.3112834e+00
   2.0000000e+00   1.1643587e+00   7.8102893e-01   1.2808316e+00   6.4889501e-01   9.7700234e-01  -6.2363255e-01
   2.0000000e+00   3.2807424e-01   9.1792951e-01  -1.3253087e-01  -1.3952772e+00  -1.1871351e+00  -2.7792558e-01
   2.0000000e+00   1.3396710e+00   1.3067364e+00   2.0190422e+00  -1.2725380e+00  -4.3346234e-01  -2.0678607e+00
